version = 'MMult_cuda_10';
GPU Device 0: "NVIDIA GeForce RTX 2080 Ti" with compute capability 7.5

MY_MMult = [
1024 6063.62 7.247925e-05 
1152 4926.05 7.629395e-05 
1280 6075.32 9.536743e-05 
1408 7151.01 1.220703e-04 
1536 5757.08 1.182556e-04 
1664 6703.00 1.373291e-04 
1792 7698.07 1.411438e-04 
1920 6870.17 1.831055e-04 
2048 7763.06 1.525879e-04 
2176 7075.62 1.792908e-04 
2304 7934.72 1.678467e-04 
2432 7515.23 1.945496e-04 
2560 8182.17 1.907349e-04 
2688 8305.88 2.059937e-04 
2816 8100.07 2.212524e-04 
2944 10636.23 2.441406e-04 
3072 10431.38 2.517700e-04 
3200 10327.43 2.670288e-04 
3328 10847.87 3.280640e-04 
3456 10695.13 3.356934e-04 
3584 10498.65 2.822876e-04 
3712 10430.37 3.509521e-04 
3840 10326.24 3.890991e-04 
3968 10363.61 3.662109e-04 
4096 8487.82 3.585815e-04 
];
