version = 'MMult_cuda_3';
GPU Device 0: "NVIDIA GeForce RTX 2080 Ti" with compute capability 7.5

MY_MMult = [
1024 1438.39 7.247925e-05 
1152 1446.54 7.629395e-05 
1280 1440.85 9.536743e-05 
1408 1443.79 1.220703e-04 
1536 1427.75 1.182556e-04 
1664 1478.47 1.373291e-04 
1792 1573.67 1.411438e-04 
1920 1513.79 1.831055e-04 
2048 1936.72 1.525879e-04 
2176 1489.87 1.792908e-04 
2304 1428.34 1.678467e-04 
2432 1454.85 1.945496e-04 
2560 1516.54 1.907349e-04 
2688 1434.03 2.059937e-04 
2816 1430.09 2.212524e-04 
2944 1408.73 2.441406e-04 
3072 1408.26 2.517700e-04 
3200 1480.04 2.670288e-04 
3328 1413.95 3.280640e-04 
3456 1401.54 3.356934e-04 
3584 1386.03 2.822876e-04 
3712 1373.73 3.509521e-04 
3840 1323.53 3.890991e-04 
3968 1643.54 3.662109e-04 
4096 1856.81 3.585815e-04 
];
