version = 'MMult_cuda_8';
GPU Device 0: "NVIDIA GeForce RTX 2080 Ti" with compute capability 7.5

MY_MMult = [
1024 2718.12 7.247925e-05 
1152 2767.40 7.629395e-05 
1280 2843.07 9.536743e-05 
1408 2829.86 1.220703e-04 
1536 2869.96 1.182556e-04 
1664 2893.01 1.373291e-04 
1792 2862.44 1.411438e-04 
1920 3032.72 1.831055e-04 
2048 3325.88 1.525879e-04 
2176 3370.32 1.792908e-04 
2304 3835.16 1.678467e-04 
2432 3838.47 1.945496e-04 
2560 3816.10 1.907349e-04 
2688 3825.11 2.059937e-04 
2816 3822.99 2.212524e-04 
2944 3812.08 2.441406e-04 
3072 3826.30 2.517700e-04 
3200 3806.25 2.670288e-04 
3328 3803.56 3.280640e-04 
3456 3818.38 3.356934e-04 
3584 3800.62 2.822876e-04 
3712 3804.82 3.509521e-04 
3840 3799.27 3.890991e-04 
3968 3798.94 3.662109e-04 
4096 3646.68 3.585815e-04 
];
