version = 'MMult_cuda_9';
GPU Device 0: "NVIDIA GeForce RTX 2080 Ti" with compute capability 7.5

MY_MMult = [
1024 6960.92 7.247925e-05 
1152 5382.91 7.629395e-05 
1280 6508.58 9.536743e-05 
1408 7921.77 1.220703e-04 
1536 6386.07 1.182556e-04 
1664 7566.28 1.373291e-04 
1792 8726.09 1.411438e-04 
1920 7621.97 1.831055e-04 
2048 8705.89 1.525879e-04 
2176 8016.74 1.792908e-04 
2304 8947.79 1.678467e-04 
2432 8491.99 1.945496e-04 
2560 9099.90 1.907349e-04 
2688 8834.77 2.059937e-04 
2816 10020.26 2.212524e-04 
2944 10857.40 2.441406e-04 
3072 10983.92 2.517700e-04 
3200 10659.68 2.670288e-04 
3328 11198.78 3.280640e-04 
3456 11022.43 3.356934e-04 
3584 10956.97 2.822876e-04 
3712 10787.92 3.509521e-04 
3840 10655.25 3.890991e-04 
3968 10791.42 3.662109e-04 
4096 9261.24 3.585815e-04 
];
