version = 'MMult_cuda_12';
GPU Device 0: "NVIDIA GeForce RTX 2080 Ti" with compute capability 7.5

MY_MMult = [
1024 2167.10 7.247925e-05 
1152 1688.61 7.629395e-05 
1280 2073.10 9.536743e-05 
1408 2494.10 1.220703e-04 
1536 1972.40 1.182556e-04 
1664 2312.98 1.373291e-04 
1792 2673.76 1.411438e-04 
1920 2365.17 1.831055e-04 
2048 3626.62 1.525879e-04 
2176 3285.29 1.792908e-04 
2304 3628.59 1.678467e-04 
2432 2248.67 1.945496e-04 
2560 3713.00 1.907349e-04 
2688 3530.76 2.059937e-04 
2816 3437.28 2.212524e-04 
2944 3705.78 2.441406e-04 
3072 3596.73 2.517700e-04 
3200 3526.30 2.670288e-04 
3328 3782.74 3.280640e-04 
3456 3702.73 3.356934e-04 
3584 3656.29 2.822876e-04 
3712 3332.45 3.509521e-04 
3840 3405.84 3.890991e-04 
3968 3296.28 3.662109e-04 
4096 3408.62 3.585815e-04 
];
